>MA0046.2	HNF1A
A  [ 5209  6981   376  2914 14149 14149  1274  3340 14149   711    42 14149 14149  1488  3972 ]
C  [ 2441   415  1060  2170     3   633   423  3750     9    13   228   237   695 14149  3427 ]
G  [ 3490  7168   903   544   246     8     7  4540   339   845     4  1337  1095   655  2275 ]
T  [ 3009   636 14149 14149    14   364 14149  2518   651 14149 14149  1638   174   914  4475 ]

>MA0050.2	IRF1
A  [ 316  251  173  138  735   24   12    0    0    0  913   20   16    7   11   17  513  218  145  198  166 ]
C  [ 320  284  324  430  101  792    0   31   56 1249   39  787    1   14   58 1023  245  464  186  193  331 ]
G  [ 266  251  212  148  361  506    0    0    4    0  238  345    0    5    0   28  263  291  114   99  151 ]
T  [ 460  576  653  646  165   40 1350 1331 1302  113  172  210 1345 1336 1293  294  341  389  917  872  714 ]

>MA0065.2	Pparg::Rxra
A  [ 94 101 390 100 139 145  71 819 522 713  82  41  22  54 676 ]
C  [317 166  23   3  15 129 547  21  48   5   2   9  99 555  58 ]
G  [320 127 368 671 674 395 179  15 270 137 767 693 263 144  47 ]
T  [126 464  79  87  34 193  66   8  23   9  12 120 479 109  81 ]

>MA0073.1	RREB1
A  [ 3  1  3  0  7  9  8  4  0 11  4  1  3  4  2  4  4  4  1  4 ]
C  [ 8 10  8 11  4  2  3  6 11  0  7 10  8  6  9  5  5  6  7  4 ]
G  [ 0  0  0  0  0  0  0  0  0  0  0  0  0  1  0  0  1  0  3  2 ]
T  [ 0  0  0  0  0  0  0  1  0  0  0  0  0  0  0  2  1  1  0  1 ]

>MA0079.3	SP1
A  [ 857    0   99    0    0 1359    0    0    0 1054  652 ]
C  [1786 6215 6703 8734 8661    0 8734 8734 6679 6357 4969 ]
G  [4271  642    0    0    0 4624    0    0    0    0  734 ]
T  [1820 1877 1932    0   73 2751    0    0 2055 1323 2379 ]

>MA0102.3	CEBPA
A  [10351     0     0   705     0 11956  2660 12226 15318     0  5804 ]
C  [ 1332     0     0     0 15318  1274  7654  3092     0  5688  4963 ]
G  [ 3635     0     0 11304     0  1066     0     0     0  1804   890 ]
T  [    0 15318 15318  3309     0  1022  5004     0     0  7826  3661 ]

>MA0114.3	Hnf4a
A  [1870 1624    6  211  148    1 5162 5162 5162    0    0  129    0 4452 2148 1019 ]
C  [ 587   23    0   14   66 5162    2    0    0    1    5 5162 5162   35 1109 1064 ]
G  [3292 3538 5162 5162  564    5  159   69   52 5162    7  131    4  709 1121  906 ]
T  [ 467    5    1  711 5162  122    0   11    0    3 5162  962  191  135  784 2174 ]

>MA0148.3	FOXA1
A  [ 4328  4659  3062  7135    70  5883     0     0     0 18252     0  9193   827 10702  4807 ]
C  [ 4827  6851  8558  4317     0     0     0     0     0     0 20556  2655  7296     1  2603 ]
G  [ 4124  4731  5314  3641    12 16125     0  1292  2859  3756     0     0  1392    63  9415 ]
T  [ 8729  5767  5074  6915 21926     0 22008 20716 19149     0  1452 10160 12493 11242  5183 ]

>MA0149.1	EWSR1-FLI1
A  [  0   2 104 104   1   2 103 102   0   0  99 105   0   0 100 102   5   3 ]
C  [  0   0   0   0   0   0   0   0   0   2   4   0   0   2   3   0   0   3 ]
G  [105 103   1   1 104 102   2   3 104 103   2   0 105 103   0   2  97  97 ]
T  [  0   0   0   0   0   1   0   0   1   0   0   0   0   0   2   1   3   2 ]

>MA0153.2	HNF1B
A  [ 1528   541  5730 30839 30839  1944  6502 30839  1323    80 30839 30839  1790 ]
C  [ 1030  2552  3466    13  1163   809  9236    73   416   665   794  1472 17114 ]
G  [30839  1434   778   398   140    66  9626   600  1589     1  5271  1980   725 ]
T  [ 1628 30839 30839    49   612 30839  5474  1047 30839 30839  3119   406 13724 ]

>MA0154.3	EBF1
A  [1110  257   37    0    3    0  562  777   21  107    6 1544  604  250 ]
C  [ 115  276  232 1544 1544 1544  391   77    6    8    0   17  586  364 ]
G  [ 166  334    0    3    4    0   63  208 1544 1544 1544   84  145   81 ]
T  [ 153  678 1544    1   18    6  529  482    0    0   22   24  209  849 ]

>MA0162.2	EGR1
A  [ 1098  1506  1160  1335   233  2911     0     0     0  3652     0  2368     0  3026 ]
C  [ 5728  6847  6049 10431 11574     0 12256 11852 10154  8361 11952     0  9849  5595 ]
G  [ 3083  1359  2250     0     0  6840     0     0   611     0     0  6599  1420  1913 ]
T  [ 2347  2544  2797   490   449  2505     0   404  1491   243   304  3289   987  1722 ]

>MA0163.1	PLAG1
A  [ 0  3  0  0  0  0  4 12 11  2  0  0  0  2 ]
C  [ 0  0  0  0 14 15 10  0  5  0  0  0  0  0 ]
G  [18 14 18 17  4  1  1  0  2 14 18 18 16 16 ]
T  [ 0  1  0  1  0  2  3  6  0  2  0  0  2  0 ]

>MA0484.1	HNF4G
A  [3514 3259 4696 1103 1944 1511    0 9343 7889 8464   99  324  225  159 6785 ]
C  [1864 1531  102  201  713 2870 8827   55   82    0    6  143 4338 8377  794 ]
G  [2011 3830 3811 7480 3301 2279  221   54 1481  938 9098 3624 1107   85  556 ]
T  [2063  832  843  668 3494 2792  404    0    0   50  249 5361 3782  831 1317 ]

>MA0508.1	PRDM1
A  [1779 1649 3148 3486 4173  422  728  211 4603 4161 4497  159  117 1057 2042 ]
C  [ 471  298  345  439    0    0  110    0    0    0    0  142  458  498  778 ]
G  [1037 2331  688  442  430 4038  930 4392    0  430   39 4186  520 2239  973 ]
T  [1316  325  422  236    0  143 2835    0    0   12   67  116 3508  809  810 ]

>MA0516.1	SP2
A  [ 160   39   52    0    0  174    0    0    0  206  115  187  226  228  203 ]
C  [ 253  811 1386 1679 1643    0 1686 1656 1108 1196  971  554  717  794  745 ]
G  [1028  257    1    7    0 1280    0    0    0    0   99  325  401  408  422 ]
T  [ 245  579  247    0   43  232    0   30  578  284  501  620  342  256  316 ]

>MA0528.1	ZNF263
A  [ 2366  4596 11118   453  1011 13919  1569  1552  8113  5132  3096  6598  4175  4106  7943  3823  3132  8305  5226  4067  7264 ]
C  [  293     0     0     0  1738   551   844  1427   968  1543  1069   590   620  1618   950     1     0     0   219   650   907 ]
G  [11078 10639  2802 13819 12444    43 11252 11451  5513  7042  9471  6730  8903  9042  4780  9659 11444  5892  8923  9819  6141 ]
T  [ 1498     0  1315   963    42   722  1570   805   641  1518  1599  1317  1537   469  1562  1752   659  1038   867   699   923 ]

>MA0595.1	SREBF1
A  [28  0  0 58  0  6  0  2 58  0 ]
C  [14  0 58  0 51 38 44 45  0 26 ]
G  [16  0  0  0  7 13  0 11  0  7 ]
T  [ 0 58  0  0  0  1 14  0  0 25 ]

>MA0596.1	SREBF2
A  [24  0  0 10  2  2  0  0 47  2 ]
C  [ 9  0  3  0 10  9  0  0  0 16 ]
G  [14  0 44 37 27 36  0 47  0  2 ]
T  [ 0 47  0  0  8  0 47  0  0 27 ]

>MA0599.1	KLF5
A  [ 1429     0     0  3477     0  5051     0     0     0  3915 ]
C  [ 2023 11900 12008  9569 13611     0 13611 13611 13135  5595 ]
G  [ 7572     0     0     0     0  5182     0     0     0     0 ]
T  [ 2587  1711  1603   565     0  3378     0     0   476  4101 ]

>MA0679.1	ONECUT1
A  [2949 3971 7608 7608 7608 7608    0    0 2816 7608    2 7608 4480 1438 ]
C  [1783  788  939  487    0    1    2 7608    0    0    3  132 2837 1965 ]
G  [1677 1707 1523  130  365    3    6    0 4792    0    0  202  792  924 ]
T  [1200 1143 1658 1871    2    1 7608    5    2   10 7608  622 3128 3281 ]

>MA0828.1	SREBF2(var.2)
A  [2898  385    7 3957    3   21   44    3 3957   20 ]
C  [ 284  130 3957    2 3957  341  240   13    8 2114 ]
G  [1059   16   16   75   82 3957    0 3957   39  104 ]
T  [  13 3957    1   12   11    0 3957    8  122 1843 ]
